0.000000000000000000e+00,9.000000000000000222e-01,5.000000000000000000e-01,3.050000000000000000e+02
1.000000000000000056e-01,9.000000000000000222e-01,4.952418944459431871e-01,3.049988105316617748e+02
2.000000000000000111e-01,9.000000000000000222e-01,4.909365819911796769e-01,3.049954717003858491e+02
3.000000000000000444e-01,9.000000000000000222e-01,4.870409737074736234e-01,3.049902983914527681e+02
4.000000000000000222e-01,9.000000000000000222e-01,4.835160811022728433e-01,3.049835701433026429e+02
5.000000000000000000e-01,9.000000000000000222e-01,4.803266259193036958e-01,3.049755347736284534e+02
6.000000000000000888e-01,9.000000000000000222e-01,4.774406870652582180e-01,3.049664116476484423e+02
7.000000000000000666e-01,9.000000000000000222e-01,4.748293811349118543e-01,3.049563946231938303e+02
8.000000000000000444e-01,9.000000000000000222e-01,4.724665733378989874e-01,3.049456547039533234e+02
9.000000000000000222e-01,9.000000000000000222e-01,4.703286159342260908e-01,3.049343424292140980e+02
1.000000000000000000e+00,9.000000000000000222e-01,4.683941114055859001e-01,3.049225900267087468e+02
1.100000000000000089e+00,9.000000000000000222e-01,4.666436979675117613e-01,3.049105133516896444e+02
1.200000000000000178e+00,9.000000000000000222e-01,4.650598564600505469e-01,3.048982136257065463e+02
1.300000000000000044e+00,9.000000000000000222e-01,4.636267350378571739e-01,3.048857790049484038e+02
1.400000000000000133e+00,9.000000000000000222e-01,4.623299904842277375e-01,3.048732859911498281e+02
1.500000000000000000e+00,9.000000000000000222e-01,4.611566446282636123e-01,3.048608007000461271e+02
1.600000000000000089e+00,9.000000000000000222e-01,4.600949544276948799e-01,3.048483800013368068e+02
1.700000000000000178e+00,9.000000000000000222e-01,4.591342944168434470e-01,3.048360725427617695e+02
1.800000000000000044e+00,9.000000000000000222e-01,4.582650503426122790e-01,3.048239196696838462e+02
1.900000000000000133e+00,9.000000000000000222e-01,4.574785229238970130e-01,3.048119562504635951e+02
2.000000000000000000e+00,9.000000000000000222e-01,4.567668407707884959e-01,3.048002114169195806e+02
2.100000000000000089e+00,9.000000000000000222e-01,4.561228815917311441e-01,3.047887092282668959e+02
2.200000000000000178e+00,9.000000000000000222e-01,4.555402008999014929e-01,3.047774692661106997e+02
2.300000000000000266e+00,9.000000000000000222e-01,4.550129675050028633e-01,3.047665071673385455e+02
2.400000000000000355e+00,9.000000000000000222e-01,4.545359051446429821e-01,3.047558351010888487e+02
2.500000000000000000e+00,9.000000000000000222e-01,4.541042396710352480e-01,3.047454621953717719e+02
2.600000000000000089e+00,9.000000000000000222e-01,4.537136512641357644e-01,3.047353949183761870e+02
2.700000000000000178e+00,9.000000000000000222e-01,4.533602311929456063e-01,3.047256374190058068e+02
2.800000000000000266e+00,9.000000000000000222e-01,4.530404426920562333e-01,3.047161918307426731e+02
2.900000000000000355e+00,9.000000000000000222e-01,4.527510855617555841e-01,3.047070585425374247e+02
3.000000000000000000e+00,9.000000000000000222e-01,4.524892641372514901e-01,3.046982364400611800e+02
3.100000000000000089e+00,9.000000000000000222e-01,4.522523583287043625e-01,3.046897231203895444e+02
3.200000000000000178e+00,9.000000000000000222e-01,4.520379974958868008e-01,3.046815150831266692e+02
3.300000000000000266e+00,9.000000000000000222e-01,4.518440365776126844e-01,3.046736078994994728e+02
3.400000000000000355e+00,9.000000000000000222e-01,4.516685346033787463e-01,3.046659963622164469e+02
3.500000000000000000e+00,9.000000000000000222e-01,4.515097352742779568e-01,3.046586746181017702e+02
3.600000000000000089e+00,9.000000000000000222e-01,4.513660493917412975e-01,3.046516362852547104e+02
3.700000000000000178e+00,9.000000000000000222e-01,4.512360389582394382e-01,3.046448745563446892e+02
3.800000000000000266e+00,9.000000000000000222e-01,4.511184027908515803e-01,3.046383822894954392e+02
3.900000000000000355e+00,9.000000000000000222e-01,4.510119635037446173e-01,3.046321520880634921e+02
4.000000000000000000e+00,9.000000000000000222e-01,4.509156557293037548e-01,3.046261763704891905e+02
4.100000000000000533e+00,9.000000000000000222e-01,4.508285154600022993e-01,3.046204474312777961e+02
4.200000000000000178e+00,9.000000000000000222e-01,4.507496704044867131e-01,3.046149574940642424e+02
4.299999999999999822e+00,9.000000000000000222e-01,4.506783158124441635e-01,3.046096985805142481e+02
4.400000000000000355e+00,9.000000000000000222e-01,4.506137516579525881e-01,3.046046630307378109e+02
4.500000000000000000e+00,9.000000000000000222e-01,4.505553318840789245e-01,3.045998431027937272e+02
4.600000000000000533e+00,9.000000000000000222e-01,4.505024718790445748e-01,3.045952311325776236e+02
4.700000000000000178e+00,9.000000000000000222e-01,4.504546426342336263e-01,3.045908195584869986e+02
4.800000000000000711e+00,9.000000000000000222e-01,4.504113654574872228e-01,3.045866009421786771e+02
4.900000000000000355e+00,9.000000000000000222e-01,4.503722071889253997e-01,3.045825679858668309e+02
5.000000000000000000e+00,9.000000000000000222e-01,4.503367758715053348e-01,3.045787135465602660e+02
5.100000000000000533e+00,9.000000000000000222e-01,4.503047168331792971e-01,3.045750306476022047e+02
5.200000000000000178e+00,9.000000000000000222e-01,4.502757091414330004e-01,3.045715124878315123e+02
5.300000000000000711e+00,9.000000000000000222e-01,4.502494623949144237e-01,3.045681524486558374e+02
5.400000000000000355e+00,9.000000000000000222e-01,4.502257138200332909e-01,3.045649440992933137e+02
5.500000000000000000e+00,9.000000000000000222e-01,4.502042256435925816e-01,3.045618812004138363e+02
5.600000000000000533e+00,9.000000000000000222e-01,4.501847827151904124e-01,3.045589577063848878e+02
5.700000000000000178e+00,9.000000000000000222e-01,4.501671903556753729e-01,3.045561677663069986e+02
5.800000000000000711e+00,9.000000000000000222e-01,4.501512724101631724e-01,3.045535057240016954e+02
5.900000000000000355e+00,9.000000000000000222e-01,4.501368694861356268e-01,3.045509661170962659e+02
6.000000000000000000e+00,9.000000000000000222e-01,4.501238373591071595e-01,3.045485436753386921e+02
6.100000000000000533e+00,9.000000000000000222e-01,4.501120455298063816e-01,3.045462333182527459e+02
6.200000000000000178e+00,9.000000000000000222e-01,4.501013759186303642e-01,3.045440301522409072e+02
6.300000000000000711e+00,9.000000000000000222e-01,4.500917216842164614e-01,3.045419294672234400e+02
6.400000000000000355e+00,9.000000000000000222e-01,4.500829861831169842e-01,3.045399267343690894e+02
6.500000000000000000e+00,9.000000000000000222e-01,4.500750820287245380e-01,3.045380176039404887e+02
6.600000000000000533e+00,9.000000000000000222e-01,4.500679301453415770e-01,3.045361978978826301e+02
6.700000000000000178e+00,9.000000000000000222e-01,4.500614589759004969e-01,3.045344636051917178e+02
6.800000000000000711e+00,9.000000000000000222e-01,4.500556037672795440e-01,3.045328108772525297e+02
6.900000000000000355e+00,9.000000000000000222e-01,4.500503059235146930e-01,3.045312360230723243e+02
7.000000000000000000e+00,9.000000000000000222e-01,4.500455124205326451e-01,3.045297355044494907e+02
7.100000000000000533e+00,9.000000000000000222e-01,4.500411752764138518e-01,3.045283059311013290e+02
7.200000000000000178e+00,9.000000000000000222e-01,4.500372510721245556e-01,3.045269440557917733e+02
7.300000000000000711e+00,9.000000000000000222e-01,4.500337005177462157e-01,3.045256467694721891e+02
7.400000000000000355e+00,9.000000000000000222e-01,4.500304880598726687e-01,3.045244110964522974e+02
7.500000000000000000e+00,9.000000000000000222e-01,4.500275815264659918e-01,3.045232341896376624e+02
7.600000000000000533e+00,9.000000000000000222e-01,4.500249518052422681e-01,3.045221133258135069e+02
7.700000000000000178e+00,9.000000000000000222e-01,4.500225725529166110e-01,3.045210459010375530e+02
7.800000000000000711e+00,9.000000000000000222e-01,4.500204199318463272e-01,3.045200294260998817e+02
7.900000000000000355e+00,9.000000000000000222e-01,4.500184723718176349e-01,3.045190615220927270e+02
8.000000000000000000e+00,9.000000000000000222e-01,4.500167103544403524e-01,3.045181399160821343e+02
8.099999999999999645e+00,9.000000000000000222e-01,4.500151162180748288e-01,3.045172624368959191e+02
8.200000000000001066e+00,9.000000000000000222e-01,4.500136739812543030e-01,3.045164270110197435e+02
8.300000000000000711e+00,9.000000000000000222e-01,4.500123691829233108e-01,3.045156316586164849e+02
8.400000000000000355e+00,9.000000000000000222e-01,4.500111887378422937e-01,3.045148744896611106e+02
8.500000000000000000e+00,9.000000000000000222e-01,4.500101208057790680e-01,3.045141537002048722e+02
8.599999999999999645e+00,9.000000000000000222e-01,4.500091546730878300e-01,3.045134675687526169e+02
8.700000000000001066e+00,9.000000000000000222e-01,4.500082806455535933e-01,3.045128144527623704e+02
8.800000000000000711e+00,9.000000000000000222e-01,4.500074899515034699e-01,3.045121927852821955e+02
8.900000000000000355e+00,9.000000000000000222e-01,4.500067746539796465e-01,3.045116010716762958e+02
9.000000000000000000e+00,9.000000000000000222e-01,4.500061275713613806e-01,3.045110378864881682e+02
9.099999999999999645e+00,9.000000000000000222e-01,4.500055422315122344e-01,3.045105018770202605e+02
9.200000000000001066e+00,9.000000000000000222e-01,4.500050127682624357e-01,3.045099917519804649e+02
9.300000000000000711e+00,9.000000000000000222e-01,4.500045338508389392e-01,3.045095062745898531e+02
9.400000000000000355e+00,9.000000000000000222e-01,4.500041006568188395e-01,3.045090442659285372e+02
9.500000000000000000e+00,9.000000000000000222e-01,4.500037088235941951e-01,3.045086046023259883e+02
9.600000000000001421e+00,9.000000000000000222e-01,4.500033544046117551e-01,3.045081862129009096e+02
9.700000000000001066e+00,9.000000000000000222e-01,4.500030338296337473e-01,3.045077880771530658e+02
9.800000000000000711e+00,9.000000000000000222e-01,4.500027438689804815e-01,3.045074092227198435e+02
9.900000000000000355e+00,9.000000000000000222e-01,4.500024816009384754e-01,3.045070487231413381e+02
1.000000000000000000e+01,9.000000000000000222e-01,4.500022443825070217e-01,3.045067056958031344e+02
